NO pics/greystone.png
SO pics/bluestone.png
WE pics/redbrick.png
EA pics/wood.png

F  52,73,94
C  135,206,237

111111111111111111111111
100000000000000000000001
100000000000000000000001
100000000000000000000001
100000222220000303030001
100000200020000000000001
100000200020000303030001
100000200020000000000001
100000220220000303030001
100000000000000000000001
100000000000000000000001
100000000000000000000001
100000000000000000000001
100000000000000000000001
100000000000000000000001
100000000000000000000001
144444444000000000000001
140400004000000000000001
1400003040000000N0000001
140400004000000000000001
140444444000000000000001
140000000000000000000001
144444444000000000000001
111111111111111111111111
